Mixture	Endothelial	CAFs	PVL	B-cells	T-cells	Myeloid	Normal Epithelial	Plasmablasts	Cancer Epithelial	P-value	Correlation	RMSE	Absolute score (sig.score)
TCGA-A1-A0SK	0.265807445165536	0.272132538445754	0.507579430816301	0	0	0	2.90961750840605	0.13254049004147	2.22280319874961	0	0.196230565058183	1.04933192606948	6.31048061162472
TCGA-A1-A0SO	0.561280060126922	0.267776745312862	0	0	0	0	2.77671694223544	0.447880814687544	2.16664507399907	0	0.209964105045536	1.03121650019945	6.22029963636184
TCGA-A1-A0SP	0.53166396793369	0.882947468379476	0.320632292521011	0	0	0.97182818780519	2.95528938092748	0.278811059540753	1.56955894674615	0	0.404913676861514	0.921977823681088	7.51073130385375
TCGA-A2-A04P	0.856794964854145	1.01379844812704	0.911593837916651	0.0909223031097094	0.0539106706157213	0.261499285344895	3.49567160662398	0.316820871487441	1.24168335946305	0	0.407676736889757	0.925749404880714	8.24269534754263
TCGA-A2-A04Q	0.468170135105549	1.58326476548866	0.397534597981101	0	0.718767784275051	1.15340055737366	1.80236055576325	1.43873890855026	1.00145776745767	0	0.319999665928216	0.960415653168867	8.5636950719952
TCGA-A2-A04T	0.247309114809051	0.550911277316947	0.674686141210104	0	0.155640406434785	0.859192840938975	3.28700339864214	0.38260763744868	1.26164310247888	0	0.337567553853633	0.959520022772811	7.41899391927956
TCGA-A2-A04U	0.346063948349568	1.19453127945978	0.580070307791506	0	0	0.123855711153754	2.26466627262376	0.444940897571931	1.9023331993808	0	0.434785276825042	0.909579274257132	6.85646161633111
TCGA-A2-A0CM	0.597749835181391	1.73232923902754	0.239586537907111	0	0.279982418894633	1.15536349380699	1.7508325639982	0.15405842798105	1.46228450094567	0	0.374502510694485	0.947734899590882	7.37218701774259
TCGA-A2-A0D0	0.499302801718303	0.139294052780051	0.324502338394995	0	0.114823824525913	0.365048578798242	2.99158415267793	0	2.59749758036425	0	0.459280446914942	0.891884296754012	7.03205332925968
TCGA-A2-A0D2	0.865879306541595	1.29373804368859	0.651892890857652	0	0.0869857132314624	0.37478577096043	2.84520415602399	0.166487264920239	1.52464319920409	0	0.382358424611141	0.941713721322492	7.80961634542805
TCGA-A2-A0ST	0.876862889986657	0.734786614985816	0.247356850197234	0.425824100149619	0.865112989534659	0.806408787386491	2.09066404947406	1.1994883871693	0.491303317307042	0	0.341375011461932	0.942284958315426	7.73780798619088
TCGA-A2-A0SX	0.746165886180708	3.14789883801492	0.211282913557988	0.0610153487544187	0.241029881158353	0.994385066620595	1.84848941257661	0.75471553343392	0.752822373725792	0	0.404823161228985	0.958099563277328	8.75780525402331
TCGA-A2-A0T0	0.542869179171893	1.58404173793294	0.570583612611838	0	0	0.460954089578528	3.45434828683277	0.346031440625272	1.46284246115929	0	0.346658303210751	0.967716098136969	8.42167080791253
TCGA-A2-A0T2	0.710649920400866	0.880410003479179	0.991793838929285	0.0354148268500841	0	0.387526873749142	3.82120914313558	0	1.76423416486023	0	0.574988189886012	0.818315523184623	8.59123877140436
TCGA-A2-A0YE	0.729997752632524	1.54322894408313	0.558920194472314	0	0	0.0236273080755273	2.92538702995364	0.625285211399556	2.04554970059713	0	0.332638107632286	0.970878987197658	8.45199614121383
TCGA-A2-A0YJ	0.194340540867082	0.409531219268792	0.483938098963175	0	0	0.138834614085573	4.57551760190421	0.124411358014024	1.90385022609291	0	0.246395751078541	1.03374631687872	7.83042365919577
TCGA-A2-A0YM	0.578293450608896	1.02529196187699	0.0715773780434783	0	0	1.33972482663112	3.30575631322809	0	1.50428116591718	0	0.37168204920575	0.944813950019402	7.82492509630576
TCGA-A2-A1G1	0.936205827212035	2.83354372108164	1.05074715140523	0	0	1.10890968081783	1.39804620856514	0.608402034758563	1.04283887086069	0	0.300727247491025	1.02936047677378	8.97869349470112
TCGA-A2-A25F	1.1510900996636	4.01340697702318	0.0446298091911616	0.340958151045394	0.997561213641172	2.72653899636531	0.0804083491161124	0.175182264314088	0	0	0.515459265500944	0.904728630740694	9.52977586036003
TCGA-A2-A3XT	0.60443533348817	0.666562943966969	0.22938273315325	0	0	2.05610295579189	2.29955472879894	0.0155704537864664	1.32321528460978	0	0.369829629284767	0.943084948474406	7.19482443359547
TCGA-A2-A3XU	0.300036626546045	0.0152942188970978	0.200323956070845	0	0	0.0496491856787052	4.75529467464778	0.072846520723675	2.18407870222951	0	0.644732478082584	0.764439476246833	7.57752388479366
TCGA-A2-A3XX	0.606676516468692	0.688134612028884	0.882764512708444	0	0	0.406513244547407	3.83877807502422	0.560964067636161	1.12027085157815	0	0.385760262050629	0.93745151714242	8.10410187999196
TCGA-A2-A3Y0	0.56825998693091	0.478017468553209	0.31246316908184	0	0.0575970106239199	1.27424346284628	1.1917959027473	0.421198087005425	3.57910135967614	0	0.252181460509521	0.997981365336576	7.88267644746502
TCGA-A2-A4S1	2.55520787490026	10.1150514732839	3.1273649130062	0	0	4.65651944421097	0	0.285115119225843	0	0	0.371806309148551	1.10265610940872	20.7392588246272
TCGA-A7-A0CE	1.08907613335308	0.763470794916882	0.494842926366714	0	0	0.0887489181693832	3.85208056435818	0.0455009472035376	1.43172635069523	0	0.475280266455573	0.885884150721565	7.76544663506301
TCGA-A7-A0DA	0.617734372252908	3.03712591006447	1.62355926322435	0	0	0.0984336549757502	2.43733907572729	0.108857350016564	1.23152943277752	0	0.389813466793373	0.995464921659567	9.15457905903885
TCGA-A7-A13D	1.03575378230715	1.30075261465342	0.838075465775611	0	0	0	4.55111718753716	0.174112064533514	1.75372863875584	0	0.392571213026857	0.941280895827843	9.6535397535627
TCGA-A7-A13E	0.162725608906612	1.00527505338087	0.495960878473558	0	0	0.139024335487617	3.66271700819646	0.250291181888456	1.46330597129115	0	0.295503884463954	1.00253823882402	7.17930003762472
TCGA-A7-A26F	1.07058110589239	3.41808351831499	0.228887529776462	0	0	0.596701536661574	3.27881910910653	0.489513400660217	1.41564105124548	0	0.331478297811459	1.00573143460646	10.4982272516576
TCGA-A7-A26G	1.45232890361825	4.62419235892523	0.826466390211366	0	0	0.413416257275041	2.8943799246139	0.493222127332915	0.727724155426426	0	0.36519686277863	1.02598439845969	11.4317301174031
TCGA-A7-A26I	0.822692178219597	3.16776432676402	1.10657684708819	0	0	0.378923393619923	1.81471265401565	0	1.74568187691405	0	0.391374103800242	0.988056931560935	9.03635127662143
TCGA-A7-A4SD	0.37384301480642	2.61335829077968	0.432511205450297	0	0	0.692243371854632	1.59539533380329	1.12845158530342	2.08477706526762	0	0.394126179256456	0.94485049006695	8.92057986726536
TCGA-A7-A4SE	1.0998224578159	3.48790137610533	1.80926493846383	0	0	0.36637217460242	1.50526536695854	0	1.26498293984084	0	0.402870893600551	1.00301027023192	9.53360925378685
TCGA-A7-A5ZV	0.617754301875891	0.27439356687168	1.24674949518644	0	0	1.16706886809588	3.40317057018356	0.773573738508818	1.6500650649483	0	0.239025490688838	1.00564752068258	9.13277560567057
TCGA-A7-A6VV	0.799265389046877	3.27752538725374	1.57634465623566	0	0	0.993455622768866	2.44236143131237	0	1.54994046961197	0	0.375608472166487	0.986980832453562	10.6388929562295
TCGA-A7-A6VW	0.361349280217909	0.790260676722493	0.323036086373582	0.00771920012976406	0	0.818002492608799	3.04974890911392	0.117917841140597	2.66709951246322	0	0.449324595078058	0.896967114305694	8.13513399877028
TCGA-A7-A6VY	0.225822959914905	1.76341615503508	0.651959972899175	0	0	1.07754054196858	2.55748862914364	0.804466787246721	1.69279098676683	0	0.403923494781859	0.926603573429131	8.77348603297494
TCGA-A8-A07O	0.52886453758132	1.06247278212247	0.09361249344202	0	0	0.448547103883586	2.27526204767247	0.616397985873658	2.42962553320173	0	0.241140153366253	1.00697590727431	7.45478248377725
TCGA-A8-A07U	0.852823584363857	1.75815462070429	0.109783760380532	0	0.141553349667564	0.995185273140162	1.62430048160827	1.58947861693059	1.28579384191019	0	0.395819141707108	0.923807834380968	8.35707352870546
TCGA-A8-A08R	0.557019855361567	1.62309528428287	0.615966607250302	0	0	0.944659402512612	3.30558651663895	0.603335639762507	0.905788612907222	0	0.400799363757491	0.931891067878886	8.55545191871603
TCGA-AC-A2BK	0.574240681427314	0.0272393188909711	0.118163290437029	0	0	0	3.01389134231854	0.287095983479468	2.44189154482553	0	0.460397612867514	0.893045083376478	6.46252216137885
TCGA-AC-A2QH	2.21206089004327	6.6734625401965	0.644016424429217	0	0	0.513846765236543	0	0.762433366832188	0.205581354328528	0	0.309887756747117	1.21439867299141	11.0114013410663
TCGA-AC-A62X	0.619432538420823	0.114009788683667	0.580605483478847	0	0	0	4.31896246310564	0.238215999383502	2.30387299768081	0	0.414822116505343	0.924160826152849	8.17509927075328
TCGA-AC-A6IW	0.313799697515739	0.107585427027224	0.255269704390456	0	0.0592683432634666	2.59080469802227	2.86975772259693	0	1.09103407115124	0	0.483155073555809	0.87940670521052	7.28751966396733
TCGA-AC-A7VC	2.61664209013152	6.4315263705477	4.8339975831634	0	0	0.315680199218345	0	0.90585206887373	0	0	0.328671692802964	1.15954066450932	15.1036983119347
TCGA-AC-A8OQ	1.1513252976132	1.92776395470699	0.749557784684043	0	0	0.821706299684669	1.07385499027171	2.21081418970681	0.457508299503385	0	0.398864888937107	0.928642761227971	8.39253081617079
TCGA-AN-A04D	0.477982911168765	0.100818507073284	0.190834561720401	0	0	0	3.52775412839657	0.201878929945999	1.8241111631499	0	0.455313030233485	0.899933023464411	6.32338020145492
TCGA-AN-A0AL	1.16094431069417	2.83437936640752	0.640512732932232	0.208011623463794	0	0.319085111026907	1.9864668568706	0.909779559420139	1.40955509363814	0	0.417271832829057	0.935143287748336	9.4687346544535
TCGA-AN-A0AR	0.231129333835817	0.208193782097111	0.462723871981909	0.00460769361138425	0	0.157372846864343	3.907995926782	0	1.79647295298021	0	0.567327353075037	0.824231708024924	6.76849640815278
TCGA-AN-A0AT	0.443760994938583	0.942761042264046	0.432372237313016	0	0.0155733971007164	0.588953823997025	1.89693861898085	0.199640856434005	2.27678040290097	0	0.287876007676738	0.987178769778088	6.79678137392921
TCGA-AN-A0FJ	1.01496892082964	1.38254150570116	0.665656406265546	0	0	0.0250698000930442	2.76539909833287	0	1.7371571688494	0	0.350386411444587	0.969072120274972	7.59079290007165
TCGA-AN-A0FL	0.981808418464829	0.0966197789593797	0.4741043353805	0	0	0.0704559752564342	4.04081847217922	1.06810120460888	1.06472943041397	0	0.401732939718936	0.925096704496113	7.79663761526321
TCGA-AN-A0FX	1.18379758827303	1.95252803997691	0.820560684448247	0	0	0	3.5661694597727	0.114896410397682	0.818861043371847	0	0.467862774184649	0.904559549199341	8.45681322624043
TCGA-AN-A0XU	0.51412876972039	0.638752144656777	0.329269445421297	0	0	0.570565574030618	2.81567416465488	0.948348599294347	1.72950331672201	0	0.281162261952132	0.980047716714696	7.54624201450032
TCGA-AO-A0J4	1.2688631717408	1.21329378492993	1.36585526535144	0.168950360081003	0	0.215195468919005	3.46088252438152	0.318822242223938	0.794389228158271	0	0.345545071620682	0.970215699499179	8.80625204578591
TCGA-AO-A0J6	0.252006631581109	0.325779643177441	0.0832272153286559	0	0.248955820350413	0.566890023407152	3.80142741363749	0.155867026526072	2.08513522800982	0	0.467675496835218	0.887302877725906	7.51928900201815
TCGA-AO-A124	0.250502555169568	0.133962005972264	0.551641445334544	0	0	0.10504713316128	3.67112804498521	0	2.74850788920902	0	0.311689542254437	0.988599017944642	7.46078907383188
TCGA-AO-A128	0.479268014288751	0.481648853491205	0	0	1.40248313299414	4.44791527205047	0.216787145529274	0.673312476265213	0.526803008500019	0	0.260642920801108	1.04353094035598	8.22821790311908
TCGA-AO-A129	0.582219161321614	1.18523113704553	0.632989490999003	0	0	0.774847574625324	1.57591522209982	0.824110562374901	1.8386567111722	0	0.435518179259912	0.90291711563795	7.41396985963839
TCGA-AO-A12F	1.8150399849774	1.72455002307931	1.12219736735958	0	0	0	2.02201384401728	0	1.21780054102824	0	0.489479000802669	0.88777187960491	7.90160176046182
TCGA-AO-A1KR	0.361254626296761	0.142746774033421	0.251774758207322	0	0.0999795162630552	0.0347552586769477	3.29232417500579	0.200151251991709	2.20098742038325	0	0.623001481823803	0.78424730930112	6.58397378085825
TCGA-AQ-A04J	1.66383207044396	1.55906943879767	0.827153983346324	0.34307570968149	0.0393746140009437	0.204528352312665	2.72078706745721	0.130039240338222	1.06989649610881	0	0.487750221884804	0.877697007070898	8.5577569724873
TCGA-AR-A0TP	0.973233179017114	0.0916592396174863	1.73597508966445	0	0	0	4.19406879292445	0.670770053702933	1.0532369934435	0	0.348799347668262	0.966748738127896	8.71894334836994
TCGA-AR-A0TS	1.37208237806066	2.3918656450434	0.413639415180702	1.33163102885989	0.0397106067456019	0.441141153369985	1.55071153850455	0.302879040500777	0.474766648077475	0	0.359107174363699	0.964674113716526	8.31842745434304
TCGA-AR-A0U0	0.50235146563303	0.487067460412353	0.208692670678855	0	0.0155896586152653	1.0619379286694	1.70314633742109	1.20005768115025	1.77391289557391	0	0.248420965891441	0.985652901326172	6.95275609815416
TCGA-AR-A0U4	0.713380916846172	1.35108453738567	0.426610801482255	0	0.227239193082567	2.57729068118456	1.83310773270375	0.238384167779494	1.0842647057464	0	0.23883721112139	1.02066505796792	8.45136273621087
TCGA-AR-A1AH	0.312153125522683	1.0249116042129	0.31168368800801	0	0	0	2.82203773747483	0.00579964153574822	2.13146093557047	0	0.35104075547759	0.967884272821011	6.60804673232465
TCGA-AR-A1AI	0.103826047371418	0.336747016357564	0.0982891030050703	0	0.232790825862373	0.826904599817184	2.84788316558833	1.12999591711103	1.66468913696185	0	0.340632554024111	0.948147034916743	7.24112581207482
TCGA-AR-A1AJ	1.01156606628582	2.57683210130553	0	0	0.433759118793583	2.62082884239563	0.689927756299584	0.166456974820708	0.863607882379607	0	0.349742690628266	0.991664578038746	8.36297874228046
TCGA-AR-A1AQ	0.253430294659043	1.13041738470117	0.187726211188644	0	0.0522488510085049	0.980175352810576	2.08017473657501	1.36652223096083	1.27315802440842	0	0.489300899294698	0.872116069474259	7.3238530863122
TCGA-AR-A1AR	1.77424503954594	2.5493879529832	0	0	0	1.22834698461566	1.43919530878677	0	1.18157325038696	0	0.371402555102723	0.973021608553211	8.17274853631852
TCGA-AR-A1AY	0.352726370094524	1.4335017998579	0.329660291072203	0	0	0.062994002064319	3.18496794903109	0	2.41396181020115	0	0.290621713568972	1.00720355534066	7.77781222232119
TCGA-AR-A24Q	1.03035610379275	2.81224045226831	1.58152568235827	0	0	0.157957987453786	1.34380376843755	0.931268240382444	1.46958206425627	0	0.373880379341201	0.983040283055295	9.32673429894938
TCGA-AR-A251	1.01240209698993	1.24704396006469	0.610066919523136	0	0	0.105656947681545	2.20948689770727	0.632415771874884	1.51868320109702	0	0.32408319879734	0.971280083113806	7.33575579493848
TCGA-AR-A256	0.441998959777413	0.618468031384703	0.18667001445055	0	0	0.320167862429471	3.70805729984954	0	2.25220986181846	0	0.325671877175863	0.976598172673077	7.52757202971013
TCGA-AR-A5QQ	0.808022527303836	1.81293956872773	0.774162983633686	0	0.310298027459244	2.38856394712559	0.7065143127425	0.81046287831932	1.11033555096333	0	0.334986369085601	0.972693111120536	8.72129979627523
TCGA-B6-A0I1	0.105667365309218	0.047770842777094	0.3300417804071	0	0	0	4.5935883335171	0.487965392883069	1.61338300153639	0	0.423037287815731	0.927339600160515	7.17841671642997
TCGA-B6-A0I2	0.501987940036759	0.318065004833622	0.201926308789515	0	0.445750876645362	0.950023232274016	1.80798278165448	1.04192327562751	2.27748497748913	0	0.245007288727536	0.985143050540595	7.54514439735039
TCGA-B6-A0IJ	0.180876254047828	0.260842999830618	0.574557063684323	0	0.0691705921573533	1.97784231412908	1.46785806611947	1.09067043629194	1.88023736556645	0	0.276921780985477	0.978819714029003	7.50205509182707
TCGA-B6-A0IQ	0.21184981191236	0.51790548354121	0.884185096985721	0	0	0.105501031084558	2.28948730177701	0.300637971224201	2.59311857292743	0	0.278479175706924	0.997013786232679	6.90268526945249
TCGA-B6-A0RE	0.167039702878007	1.22087814385549	0.450315289282636	0	0	0.241760275472066	3.52612446687363	0.149242738133934	2.08253655515268	0	0.548477407273865	0.837273222390867	7.83789717164844
TCGA-B6-A0RT	0.720275592844666	1.43004443340749	0.23098624945767	0.370303604618659	1.48926056068694	1.50274529058308	0.361735052937564	0.794113733137942	0.414156227553583	0	0.446343865208357	0.896302228275678	7.3136207452276
TCGA-B6-A0RU	1.05954073239861	1.59677845394202	0.93736901651317	0	0	0	2.49018646873311	0.512980249271193	0.958845917221291	0	0.472327834043883	0.893117120584871	7.5557008380794
TCGA-B6-A0WX	0.388069117472019	4.60035137230142	0.566052908720606	0	0	0.133747819556344	3.38683544469364	0.172559216120657	0.841186419381356	0	0.43721739584618	0.998297172743801	10.088802298246
TCGA-B6-A0X1	0.446277763864561	0.104923990667394	0.00908706490985349	0	0.0114100204873989	1.00157401012562	1.40374541440979	0.900225714123477	3.05797653589947	0	0.189532043888771	1.02129487804344	6.93522051448756
TCGA-B6-A1KF	0.969032040883845	1.05284566489574	0.535733060202891	0	0	0	3.38690151488049	0.136298060275817	2.14723304128117	0	0.264905152115382	1.00994602816208	8.22804338241995
TCGA-B6-A409	0.615389822824566	1.0527515881164	0.707335235630573	0	0	0.264217543703761	3.19348184002736	0.272878796533347	1.49690354953645	0	0.551577810377826	0.834341792424421	7.60295837637246
TCGA-BH-A0AV	0.942003490342169	5.83939083042617	1.18084653059366	0	0	0.201875059921769	2.50878060328094	0.178295828714021	0.842229564024127	0	0.388352277764549	1.07122073373718	11.6934219073029
TCGA-BH-A0B3	0.571439342673714	1.65865392164084	0.383965265478165	0	0	1.07177017536328	2.55956113715781	1.13805047127467	1.78004468490392	0	0.283839785642071	0.985440567678255	9.16348499849241
TCGA-BH-A0B9	0.268412216643379	0.249471392571092	0.168888157371887	0	0.275971956607149	0.676163494510646	2.95673251966913	0.194727596596369	2.07293472761375	0	0.367633148498607	0.940937896045217	6.8633020615834
TCGA-BH-A0BG	0.490552864593903	1.02551007081168	0.76434726858298	0.124630681450906	0.242147761759864	0.438412952364283	3.73531897626558	0.162560891981857	0.939705677642901	0	0.535541381283194	0.845144426494164	7.92318714545396
TCGA-BH-A0BL	1.38858293735474	3.84031458764783	1.00819139313598	0	0	0.899334203566311	1.90584733346926	0	0.863695493995415	0	0.460720575086232	0.947515758145035	9.90596594916953
TCGA-BH-A0BW	0.928357538909435	1.477322970196	0.421044147384517	0	0.141503105285869	1.4314599087252	2.37364480389549	0.452231342525756	0.926312930133945	0	0.309950602950113	0.977904433856063	8.15187674705622
TCGA-BH-A0DL	0.823194756234205	0.567398409823462	0	0	0	2.66642747027074	2.10546842975946	0.575091080209042	1.61096781406678	0	0.200022799843588	1.02602998303638	8.34854796036369
TCGA-BH-A0E0	0.747416971421445	0.212831348929537	0.551425397261643	0	0	0.333866436024962	2.90998367873864	0.0375846022306406	2.6843135943432	0.02	0.0601859834071434	1.10503704719254	7.47742202895007
TCGA-BH-A0E6	0.636288602999755	1.47863824216185	0.766023823902626	0.222042415824186	0	0.011993205398389	3.12255287425497	0.671601384980359	0.988608124531846	0	0.660731714413486	0.754926880688927	7.89774867405398
TCGA-BH-A0RX	0.985823970176257	1.70927710685446	0.944444983779575	0	0.016793094946043	0.737824381095441	2.54689685097923	0.953274407130919	0.880964026560806	0	0.60250132049963	0.799333911253811	8.77529882152273
TCGA-BH-A0WA	0.441038789064203	1.33704985754796	1.37338814629385	0	0	0.167060906879557	3.56524396746385	0.31820514423378	1.14843365100668	0	0.364812122204265	0.965040992272252	8.35042046248988
TCGA-BH-A18G	0.432582907866879	1.72185873410163	0.262380310382608	0	0	0.297355190536707	4.89087719847217	0.357192891415982	1.97367913173532	0	0.554418958154224	0.833511293473824	9.9359263645113
TCGA-BH-A18Q	0.661354071203555	0.676926842414651	0.617527355833851	0	0	0.206316262883894	4.38687801587688	0.294052080639451	0.822218662161321	0	0.343455920899909	0.973860706558967	7.6652732910136
TCGA-BH-A18T	0.267567754710448	0.441827794536404	0.0234753414355909	0	0	0.167428620005406	4.17757144083396	0.0884593191971864	2.13937941766016	0	0.30895785037929	0.995352381659237	7.30570968837915
TCGA-BH-A18V	0.412673860803933	1.58648134477829	0.695122718237987	0	0.145006433818528	0.690653347551499	3.43072894498357	0.0292626556285458	1.64092617076827	0	0.495150468983117	0.873698490357643	8.63085547657063
TCGA-BH-A1F0	1.69513166333303	2.07079800460331	0.251393286315774	0.0253093896064789	0	1.50974649683467	1.50413488426883	0.732178665721298	0.486230249021337	0	0.503542125038389	0.869113282452682	8.27492263970473
TCGA-BH-A1F6	0.433999820943799	1.60617063506989	0.316274167357989	0	0	1.00821760449343	1.97299961103047	0.783264762021763	1.38679390132706	0	0.369240978092717	0.945458179770268	7.5077205022444
TCGA-BH-A1FC	0.13618999023727	0.697202503970156	0.138294722413585	0	0.0307615532345557	0.828440725349215	1.24509127034029	2.2484028725994	1.23346564212275	0	0.274719389512027	0.970070015760985	6.55784928026723
TCGA-BH-A5IZ	0.375167971422197	1.1813356780515	0.263875080784349	0	0	0.451805433162412	2.83176865444738	0.132921574835012	2.47853695578128	0	0.319685199826817	0.9766890069936	7.71541134848413
TCGA-C8-A12K	0.350826228952477	1.0443752730144	0.278116695897703	0	0.207082126626642	2.49854191553209	1.95320247412409	0.367919413816917	0.857330023521924	0	0.342666777284161	0.961772388394413	7.55739415148625
TCGA-C8-A12V	0.52624266627575	0.735344930719224	0.395795054044352	0	0.791980449114455	2.15514803168759	1.55770441263865	1.17317341835455	0.325542068421601	0	0.326183078102062	0.956959843602572	7.66093103125616
TCGA-C8-A131	0.785418105415488	2.32695073873965	0.820516872606071	0	0	0.266680719492757	3.43946207180233	0.455600414790866	1.73991343680416	0	0.368700575469213	0.96269533036992	9.83454235965132
TCGA-C8-A134	0.921581828046112	0.569041281191371	0.917456466100899	0	0	0.835764552237324	2.54534510780252	0.0201621805465743	1.63497544150212	0	0.345398082720917	0.95638160867938	7.44432685742693
TCGA-C8-A1HJ	1.04420917220914	1.28984288813981	0.272941972144813	0	0	0	1.60515160490502	0.471543266630909	2.35272701037186	0	0.314410306808088	0.977247796509877	7.03641591440155
TCGA-C8-A27B	0.448755486426824	0.608685533618682	0	0	0	1.29134296512361	2.80522342305277	0.411308437518794	1.87740062139705	0	0.202332873898057	1.02340574877086	7.44271646713773
TCGA-D8-A142	1.19617834181938	2.4004583246116	0.796872238614462	0	0	0.407086946865526	3.44279023011042	1.05850603004616	0.752734560235271	0	0.359204879923855	0.965814097767719	10.0546266723028
TCGA-D8-A143	0.949668761098606	0.551380505159334	0.0955523351894392	0	0	0	3.15992354878611	0.98390007375439	1.60386181195238	0	0.260612088274825	0.995219579064927	7.34428703594025
TCGA-D8-A147	0.221806940450245	1.67873441428779	0.164498791075044	0	0	0.563361952330415	3.67958145119974	0	0.956356547808216	0	0.445760760027939	0.918844364632999	7.26434009715144
TCGA-D8-A1JK	0.991995371125729	3.0862397452519	0.684805418019057	0	0	1.24213587901732	2.02313328493539	0.764221857758443	0.969116836125371	0	0.371679123013316	0.974198201216265	9.7616483922332
TCGA-D8-A1JL	0.886415995173136	2.79527589230862	0.0789470387262381	0	0	1.37917815336413	2.25798553285257	0.430744537079537	1.00045077704799	0	0.51167044071329	0.871896352624992	8.82899792655222
TCGA-D8-A1JM	0.528971221552436	0	0.462511593819859	0	0.173297198573067	0.126877797262938	2.71733168067942	0.125830548894622	3.33983751381707	0	0.192417788568202	1.04161615885918	7.47465755459942
TCGA-D8-A1XK	0.240787658517807	0.578398051813279	0.16809901900043	0	0.0279483495355483	1.13616033112778	1.43238111808719	0.851790231105253	2.54663351080827	0	0.19557703696187	1.01693445567094	6.98219826999555
TCGA-D8-A1XQ	0.450665106941667	1.50355526003154	0.328051356977512	0	0	1.61998765327806	1.51146125604964	1.54082596465665	0.853288137372962	0	0.350226022135567	0.95000627696277	7.80783473530803
TCGA-D8-A27F	0.754720989348223	2.24891447243242	0.651040968283509	0	0	0.0436553371230377	2.73989609078338	0.559053109028903	1.49419587710158	0	0.326289923279379	0.995041891772841	8.49147684410105
TCGA-D8-A27H	1.18885117833977	4.15876429843344	1.10092158268006	0	0	0.0899227802281797	2.26443446475501	0.558474307929521	1.01533651249335	0	0.375170549053333	1.02043042145273	10.3767051248593
TCGA-D8-A27M	0.88465040518503	2.34139933351499	0.517124084857824	0.180696825055969	0	1.25876135428387	3.29680878060752	0.502256173284763	0.280899705119963	0	0.377773588670545	0.957888089795999	9.26259666190993
TCGA-E2-A14N	0.329516775777992	0.352234827262357	0.21678790037209	0	0.151608915551827	0.162427895036688	3.14348910606595	0.151074053940667	2.20807442991169	0	0.550123364549724	0.834985559747075	6.71521390391926
TCGA-E2-A14R	0.4886674359597	0.383887938560122	0.354017544024563	0	0.000592412603064586	0.982845468379193	2.26540298690345	0.701904112016593	1.76038803884776	0	0.35023367145295	0.943750252466488	6.93770593729444
TCGA-E2-A14X	1.07281817707489	0.866058075044582	0.486437162771133	0.0715151847367826	0	0.0547784731719375	2.98443817356634	1.52561084555369	0.788495689039534	0	0.302732961762827	0.971651660115428	7.8501517809589
TCGA-E2-A14Y	0.623965985156016	0.594341598244257	0.420071350757838	0	0	0.0669132389851787	2.20192927939841	0.507884153296259	3.00972214960498	0	0.237598142203182	1.0107543354061	7.42482775544295
TCGA-E2-A150	0.814115037117929	1.37432766200237	0.785547998906442	0	0	0.384932978209994	3.62024562272858	0	1.42712556931405	0	0.557817886660958	0.831108715011386	8.40629486827936
TCGA-E2-A158	0.211727412724091	0.364626419096196	0.125888749963421	0	0	0	4.71049933009504	0.164977229218556	0.875285442649202	0	0.412688073053635	0.948939443320513	6.45300458374651
TCGA-E2-A159	0.484271368496868	1.76895099255276	0.186973750215792	0	0.0265542385059565	1.19275957653764	1.79350089323456	0.758160815040297	1.41250757762061	0	0.355895926536108	0.955115486313487	7.62367921220448
TCGA-E2-A1AZ	0.954182282101098	2.77955510462537	0.516218522262341	0.0397127385905012	0.0985655150484785	0.243098984042182	2.10984525036822	0.0655595408434653	1.20680997159647	0	0.446316118406117	0.936484442140166	8.01354790947812
TCGA-E2-A1B6	0.400370571631223	0.366667917526213	0.430021941641053	1.58847813062467	1.09784130024893	0.478837186652564	1.21165137642731	0.304674517530555	0.717385207560784	0	0.439544407746104	0.900793948363997	6.5959281498433
TCGA-E2-A1II	0.359407440630458	0.316600320397735	0.190683498729051	0	0.843518697853977	2.2573110017721	0.347667083018222	0.718132300447032	1.17374255982196	0	0.318047690554503	0.965621257726023	6.20706290267053
TCGA-E2-A1LG	0.268404872880536	0.140503557525896	0.0768278101547906	0	0	0.248743849940417	3.32385363318018	0.729633536026216	2.15918063574657	0	0.237104905609905	1.01524245152098	6.94714789545461
TCGA-E2-A1LH	0.598777641165254	1.51457248380023	0.674828089042163	0	0.0458352961531902	1.46979470250667	1.9119465615521	1.04191911557924	0.8900910335311	0	0.478532586085796	0.879670602771875	8.14776492332994
TCGA-E2-A1LI	0.253887746439108	0.25843240895444	0.75475649076871	0.0400401406485114	0.0734203844812575	0.256422564637281	3.88018083302998	0.268073046649547	1.72105634503173	0	0.515414690745146	0.858151577613392	7.50626996064056
TCGA-E2-A1LK	0.585759375020232	0.0309147704624131	1.12424170859234	0	0	0.71027499162481	2.74332218956006	0.181791575062889	1.73986132310032	0	0.194668626900062	1.03672943746306	7.11616593342306
TCGA-E2-A1LL	2.00897245891188	0.342027355551443	0.513724382257121	0	0	0	3.17897290243991	0.257008838961926	1.6465866444373	0	0.215008979246769	1.02720412558666	7.94729258255958
TCGA-E2-A573	0.482720601255594	0.990565259241112	0.127586686695814	0	0.100353612541367	0.724945893342679	2.06107684418258	0.990459360497035	2.02566212647699	0	0.438543341520577	0.899126915576029	7.50337038423317
TCGA-E2-A574	0.076566125910705	0.470821960461955	0.12930086304261	0	0	0.0467891368492663	3.94525409135553	0.2975019753224	2.09126538704663	0	0.63349529909038	0.774434479685101	7.0574995399891
TCGA-E9-A1N8	0.201240647108952	0.474197563527453	0.179306954962075	0	0	0.0216048509293109	5.05139574809424	0	0.918381705315738	0	0.636927263482677	0.772769557073319	6.84612746993777
TCGA-E9-A1N9	0.899296116524163	1.71171611414224	0.420883322247664	0	0	0	3.56566401882415	0.233116960593801	0.663671743276255	0	0.423708737570157	0.934349438681763	7.49434827560827
TCGA-E9-A1NC	0.510178129019925	2.14114112914552	0.827061453865677	0	0	1.10697759847379	2.86704266345941	0.976581783684816	0.687269487916936	0	0.484849807241073	0.881709869416683	9.11625224556608
TCGA-E9-A1ND	0.811958385555678	1.56845562129243	0	0	0.117698694335178	1.89978218154889	3.75351123225503	0.216778699332999	1.37479835153193	0	0.234339163255791	1.02061079387946	9.74298316585213
TCGA-E9-A22G	0.443329135930763	0.322989889371059	0.023614978772642	0	0	0.0753127638008955	3.27475746894341	0	2.27854036359705	0	0.526112303486609	0.852408026119786	6.41854460041581
TCGA-E9-A243	0.326404708247286	3.16516688723955	0	0	0.413931956641174	1.82492685203163	0.976397945416606	1.24647780546089	1.09338575302174	0	0.392354077656478	0.958754103471259	9.04669190805886
TCGA-E9-A244	0.406720116698567	1.13289301677444	0.935389328110332	0	0	0	3.60785561039776	0.265713498161609	1.68686114812403	0	0.474971687846687	0.888258728027817	8.03543271826674
TCGA-E9-A3QA	0.485923816940866	0.770840200864917	0.628144565179332	0	0.407670171802541	1.50584123957967	1.91503711517204	0.703723262200576	1.225586115525	0	0.355096547691441	0.941773620267445	7.64276648726495
TCGA-E9-A5FL	1.17818555422562	2.6236649538525	0.636270085943628	0	0	0.555538648233683	1.39958247759259	0.0553871545849601	1.54178039829501	0	0.410952174230323	0.957212366784393	7.990409272728
TCGA-EW-A1P4	0.584786960081101	1.9154424604469	0.408299491551104	0	0.20746917068396	0.829575559312559	1.5108441045425	0.539693959804991	2.45720300463099	0	0.327822136214481	0.971829468928929	8.4533147110541
TCGA-EW-A1P8	0.456166155120132	0.886831950837258	0.281938110365764	0	0	1.19216513756858	3.19283075230894	0	1.98734875736769	0	0.571578018813333	0.821608430233312	7.99728086356837
TCGA-EW-A1PB	0.116895182338393	0.219701180843963	0.0955387227490224	0	0.263486800320951	4.51747565792402	1.43852975771094	0	1.88617361244909	0	0.261333386582066	1.03918145937579	8.53780091433637
TCGA-EW-A1PH	0.489377250940619	1.09033450946753	0.14214510762506	0	0	0.0354217518831118	3.59212907410906	0.257477353142091	1.8343689514967	0	0.483088513087383	0.881504350406712	7.44125399866417
TCGA-EW-A6SB	0.0926635844560123	0.101298998250724	0.188349851062653	0	0.142689511079703	0.711980336809079	2.07691052189247	2.84246640759653	1.02545796765433	0	0.305754461501475	0.956896425462858	7.1818171788015
TCGA-GM-A2DF	0.731919506221241	1.30341925278418	0.544729575358395	0	0	0.76222623293241	2.32259460979554	1.28673748240448	0.923253898680729	0	0.566239385916158	0.826480539091178	7.87488055817698
TCGA-GM-A3XL	0.166869494142028	0.202484288223709	0.00396444821262779	0	0.221836409412973	1.19639977833549	1.74598494728426	0.680463601087944	2.52246549401268	0	0.305192357550354	0.965882679064187	6.74046846071171
TCGA-HN-A2NL	0.470865221514928	0.716309694186242	0.142793009725239	0	0.0385448466513383	0.399747702971994	1.80716416773183	0.723728262568049	1.52081461513272	0	0.248944449527725	0.99502346387524	5.81996752048234
TCGA-LL-A5YP	0.78786316052334	3.70161049099977	1.06279127674411	0	0	0.870444856699305	1.82926667477345	0.389182365436046	0.802999693227205	0	0.500315048216706	0.912627122398749	9.44415851840323
TCGA-LL-A6FR	0.341902171701804	4.32298604638549	0.730099658987574	0	0	0.371532963845449	2.38602689591184	0.405292258470757	1.78607041117912	0	0.493224111239515	0.923180190587113	10.343910406482
TCGA-LL-A73Y	1.57311229517593	3.79053032937515	1.16523155410972	0.0452997009983368	0	0.295942506324639	1.83324699071143	0.334213433522532	0.389070409638116	0	0.384933188113608	1.02191872019442	9.42664721985586
TCGA-LL-A8F5	0.416935446020796	0.714599982793103	1.17928270180892	0	0	0.590767107706876	2.10622550874982	2.36362753555263	1.29275109319876	0	0.302037591357552	0.963914223790205	8.6641893758309
TCGA-OL-A5D7	0.2430729428204	0.356221080650109	0.204351530461395	0.076442467177695	0.434131413510444	1.2368187817247	1.33637928057973	0.570815169283258	2.04882915801336	0	0.282627259583809	0.972110593554741	6.50706182422109
TCGA-OL-A5RW	0.33519821803711	1.0623210228424	0.363235509575421	0	0	0.780615546929371	2.7734091437298	0.408253236588683	2.02090016722317	0	0.357909428709632	0.948601253016751	7.74393284492596
TCGA-OL-A5S0	0.722257875366031	2.42524098251367	0.53036960490947	0	0	1.01560162584557	2.29401198634272	0.288432154542563	1.10741956564154	0	0.598659236391902	0.803352136525001	8.38333379516157
TCGA-OL-A66I	0.160400348489106	2.11875157465022	0.884490995909239	0	0.959722899281316	2.01532723530424	1.17341637181305	0.222570664495097	0.872474815545301	0	0.440077374177676	0.914826771274977	8.40715490548758
TCGA-OL-A6VO	0.489076158264327	0.617040209128138	0.369279001052448	0	0.0153455866104733	0.493393299738587	2.40279998403315	0.119307888156083	1.82401590852206	0	0.356490908895193	0.949516976088514	6.33025803550528
TCGA-PL-A8LV	0.782083225852749	1.30673069301815	0.567073789992929	0	0	0.46146484443315	2.50596067520246	0.902512973422993	1.45934289802587	0	0.341114232174853	0.956883469670057	7.9851690999483
TCGA-PL-A8LZ	1.91629970835784	1.80326055788248	0.698433407122714	0	0.175878305198877	1.01229126780877	0.918538777123422	0.505981322919609	1.23070611225994	0	0.416751844453756	0.923783935750356	8.26138945867365
TCGA-S3-AA0Z	1.24266901373693	0.753342303085666	0.216495040563319	0	0	1.18430224050459	1.47679443705522	0.233195132144779	3.00842569778	0	0.209095943829287	1.01754854558968	8.1152238648705
TCGA-S3-AA10	0.449554092964873	0.766638562420041	0.439648843177136	0	0.213835390462625	2.2176638255664	2.08395227974656	0.795459035367211	0.848764332335626	0	0.396226172521162	0.923936980143179	7.81551636204048
TCGA-S3-AA15	1.1548161249386	2.05500567211759	0.815354075842675	0.126317907445229	0	0.711110022527004	0.950126135898077	3.27672447428262	0.354871644744341	0	0.418231137926689	0.91363797214996	9.44432605779614
